1 184 19235.45
1 196 12062.37
1 126 10450.99
1 361 12579.54
1 341 17188.51
1 332 14347.80
1 125 17799.69
1 427 17747.91
1 182 18267.48
1 181 18188.93
1 282 10671.06
2 384 13029.94
2 365 14325.24
2 8 12224.59
2 114 18492.27
2 393 18411.67
2 337 12734.40
2 385 14320.95
2 179 12784.58
2 17 17207.15
2 398 15223.89
3 442 12827.97
3 128 11991.17
3 172 17880.66
3 95 13649.36
3 446 12154.63
4 2 12189.19
4 179 13475.04
4 442 19376.90
4 167 19628.31
4 260 15098.26
4 180 16774.54
4 212 11193.33
5 27 13686.04
5 392 11545.31
5 396 16920.74
5 290 11308.01
5 272 18623.91
5 11 19829.23
5 461 12691.80
5 147 13142.91
5 363 19151.78
5 396 18793.47
5 129 15491.29
5 179 11679.96
5 172 17246.41
5 454 12740.04
6 196 12700.85
6 339 13703.29
6 378 13050.22
6 199 18722.60
6 292 16771.08
6 154 13558.01
6 405 13203.16
7 394 16209.34
7 479 16853.96
7 160 19328.12
7 345 10494.43
7 375 16542.08
7 41 15517.70
7 495 12615.42
7 427 11141.07
7 363 16663.87
7 223 11898.00
7 398 12588.88
7 150 13464.95
7 314 16213.85
7 120 14748.29
