1 1 271155 326041 4199
1 2 982084 470731 44553
1 3 108715 268649 15541
1 4 725357 655189 1036
1 5 471334 564164 43923
1 6 472083 389161 29132
1 7 727581 288471 34792
1 8 61710 28465 17421
1 9 323198 465430 48860
1 10 627022 2801 44870
1 11 2308 666479 13773
1 12 84403 273471 2734
1 13 411020 735355 403
1 14 895998 946181 34549
1 15 174341 635225 8640
1 16 761789 478431 8404
1 17 715839 561848 40324
1 18 962714 285001 33206
1 19 80473 822870 28604
1 20 655322 92423 45423
1 21 498115 794379 14178
1 22 119142 267319 19772
1 23 31335 898116 27541
1 24 755299 661839 27287
1 25 624981 264010 44570
1 26 387941 309706 15665
1 27 612876 656682 16295
1 28 146594 149834 45204
1 29 10465 401066 29410
1 30 331480 537820 42843
1 31 235027 637661 21281
1 32 854129 766649 2238
1 33 930260 319768 33767
1 34 672932 806624 29674
1 35 560461 584081 19418
1 36 270322 73822 4372
1 37 126484 104172 42584
1 38 484352 898758 48890
1 39 224855 398823 4390
1 40 833604 731151 33139
1 41 60520 455255 29998
1 42 378523 252756 28665
1 43 782847 842974 9296
1 44 274563 928054 3035
1 45 725627 48494 38202
1 46 299539 457886 43290
1 47 994210 279551 20907
1 48 91839 256693 31902
1 49 584468 193327 30858
1 50 575860 799247 9111
1 51 34599 78629 47429
1 52 327106 447507 23491
1 53 289925 197530 29395
1 54 449269 326189 43591
1 55 907310 431375 12884
1 56 625857 881470 41620
1 57 411133 163721 26148
1 58 364842 860684 19561
1 59 381833 888982 42544
1 60 210593 936461 30675
1 61 692202 899449 10586
1 62 935224 860085 3664
1 63 639494 814548 34537
1 64 133451 288166 30840
1 65 642754 22218 29604
1 66 503248 542935 30458
1 67 45970 473433 22837
1 68 133175 864658 5443
1 69 900073 173102 32971
1 70 610017 128361 44636
1 71 325256 89543 15321
1 72 297607 508641 28577
1 73 113765 616778 36046
1 74 853211 914377 19234
1 75 245173 379879 34383
1 76 979006 164255 36864
1 77 981304 258935 30655
1 78 737086 950321 12133
1 79 539736 630727 25883
1 80 980988 133519 49510
1 81 254104 770740 33100
1 82 908865 159805 48129
1 83 773085 376632 13091
1 84 401016 534055 44859
1 85 921128 644666 15410
1 86 236264 659937 15144
1 87 449270 953055 32159
1 88 681631 418765 20565
1 89 381200 766121 751
1 90 368997 262952 14320
1 91 289353 500953 30337
1 92 470266 577907 48060
1 93 873652 644723 41848
1 94 970664 386578 44400
1 95 118437 256312 35786
1 96 655513 105825 44872
1 97 43807 329423 44587
1 98 483963 912666 24683
1 99 472548 541924 14821
1 100 924938 258369 7007
1 101 852382 303834 16776
1 102 573403 985359 48597
1 103 814346 397709 41930
1 104 764833 643563 40429
1 105 674669 722223 10789
1 106 793614 908037 39768
1 107 413173 936451 5657
1 108 149871 533936 2167
1 109 649074 144589 48676
1 110 279681 366817 47221
1 111 71145 565106 37701
1 112 797703 508347 48496
1 113 806311 797914 1628
1 114 488652 790174 8635
1 115 33368 352379 22778
1 116 738337 650020 48104
1 117 549700 693051 40517
1 118 714784 941722 7458
1 119 157358 929934 2754
1 120 653894 927271 39784
1 121 687008 715755 4049
1 122 938776 836115 9073
1 123 661603 987474 48054
1 124 507203 302669 30769
1 125 677915 596954 4878
1 126 587057 781202 34010
2 1 111381 87595 17575
2 2 551329 569334 24081
2 3 122679 616791 42225
2 4 994269 484307 10904
2 5 725128 399999 49813
2 6 282131 361203 48310
2 7 110603 53403 30398
2 8 791207 831692 39523
2 9 953414 618683 44664
2 10 780752 34107 49364
2 11 988761 722655 15566
2 12 61145 444211 9719
2 13 988860 81985 5237
2 14 189446 712538 17813
2 15 714890 867217 45783
2 16 776045 944362 16259
2 17 237071 41448 24697
2 18 306969 586502 14268
2 19 752110 200189 93
2 20 98061 789976 41696
2 21 673706 357375 26934
2 22 64149 535771 29278
2 23 79970 25995 48116
2 24 337571 403510 22985
2 25 140730 170940 24925
2 26 195649 592408 29373
2 27 486829 855102 31231
2 28 849361 943395 12404
2 29 822454 111336 41201
2 30 977494 444883 35064
2 31 175058 289586 1375
2 32 291226 790870 23221
2 33 657990 103265 38227
2 34 55354 585603 2412
2 35 166336 358206 8068
2 36 908764 699937 47432
2 37 106489 686569 34178
2 38 746356 210807 46171
2 39 982285 454959 15005
2 40 1534 133257 37499
2 41 839272 910471 43655
2 42 64305 491626 48142
2 43 934898 453080 38361
2 44 153389 723200 33779
2 45 271024 480268 29614
2 46 672788 65645 29092
2 47 494210 471172 29072
2 48 888486 271469 49642
2 49 347187 251324 43278
2 50 635163 948202 31225
2 51 682287 256068 8135
2 52 886433 388963 8709
2 53 895543 14837 46760
2 54 795543 310149 3506
2 55 820358 569021 22971
2 56 218609 810455 2642
2 57 80733 477862 19900
2 58 631951 925350 45027
2 59 923545 303838 46263
2 60 68564 312351 38171
2 61 637418 155255 49481
2 62 974813 282490 20672
2 63 69559 494866 967
2 64 807414 663206 38625
2 65 922893 460419 22483
2 66 733541 428746 44324
2 67 637324 251640 26408
2 68 230069 361316 41375
2 69 309802 382756 1620
2 70 40718 654319 9005
2 71 383135 130482 59
2 72 208005 198717 3777
2 73 646142 24588 33969
2 74 315773 663470 18494
2 75 443931 263830 3714
2 76 556062 441602 48326
2 77 218335 132644 43048
2 78 680264 332999 41619
2 79 66118 479989 34690
2 80 664215 338505 40266
2 81 479459 543967 34183
2 82 359531 845761 8615
2 83 598050 388574 853
2 84 614832 692735 36563
2 85 888306 857021 1650
2 86 223399 886164 26277
2 87 972769 557072 44548
2 88 112512 3548 16552
2 89 368968 674689 6508
3 1 607011 668797 4644
3 2 696666 7846 29862
4 1 433984 240507 4303
4 2 216622 156590 31793
4 3 49717 944710 49011
4 4 946929 116918 20371
4 5 329434 560250 14597
4 6 515124 877677 45648
4 7 818715 721472 41477
4 8 654990 249419 16594
4 9 374177 417919 14093
4 10 943688 983059 30855
4 11 162445 262671 11742
4 12 628391 895725 6552
4 13 11053 257541 20900
4 14 728814 567251 25716
4 15 195347 660371 44930
4 16 380074 262747 3066
4 17 203262 718781 2114
4 18 756705 553681 14974
4 19 300143 183914 29366
4 20 363500 63032 13610
4 21 856838 284897 5020
4 22 211752 708843 31242
4 23 103387 138464 16470
4 24 575929 397398 12768
4 25 506846 115319 29772
4 26 896730 160893 20097
4 27 888671 612400 46527
4 28 114303 664767 32562
4 29 718610 848479 12161
4 30 762410 600827 21006
4 31 219727 848811 40568
4 32 906736 670293 12496
4 33 239818 65724 29602
4 34 799008 775490 8848
4 35 298447 774238 10784
4 36 640931 104328 16278
4 37 248282 760128 38903
4 38 355264 670178 2203
4 39 722479 299116 33114
4 40 642474 205736 18545
4 41 397876 279786 20460
4 42 294880 467687 22940
4 43 461057 531668 18610
4 44 146702 181474 37247
4 45 943737 420949 11017
4 46 49344 201459 16812
4 47 310492 603740 33170
4 48 217045 980765 33189
4 49 664953 673360 35903
4 50 330652 529429 47820
4 51 745300 244416 3109
4 52 849040 55255 17032
4 53 28150 778789 14932
4 54 374839 236642 2419
4 55 582138 672776 4408
4 56 380357 476958 3096
4 57 543960 574263 3423
4 58 712068 235928 41281
4 59 25138 678776 14697
4 60 251130 673511 19186
4 61 32380 653390 5580
4 62 388373 966486 4496
4 63 986455 56928 3788
4 64 993030 302884 47042
4 65 263069 668042 16077
4 66 649130 306528 19498
4 67 747971 12754 48913
4 68 729409 827300 36422
4 69 229325 203571 49330
4 70 32764 774009 8258
4 71 655930 491428 42568
4 72 411954 108076 10686
4 73 839058 34013 45476
4 74 52499 709984 26615
4 75 123040 399130 15932
4 76 678902 761133 20841
4 77 156642 160964 23180
4 78 938381 434867 11208
4 79 510816 25216 21693
4 80 19515 197342 20066
4 81 33127 989712 40170
4 82 659088 876163 9756
4 83 509055 849802 48518
4 84 788576 966310 40042
5 1 25805 723449 18473
5 2 506522 827807 38446
5 3 216264 860741 40756
5 4 595859 131533 21742
5 5 564973 994987 25809
5 6 195399 723463 690
5 7 402551 883854 25462
5 8 689805 957518 26120
5 9 129142 487057 16287
5 10 242921 354158 22836
5 11 328783 27259 47981
5 12 724329 712035 22942
5 13 268248 805963 47154
5 14 541831 909355 37841
5 15 422282 931697 37729
5 16 505307 535856 12130
5 17 388149 717724 16302
5 18 296176 577998 23462
5 19 789826 46729 47727
5 20 574580 975863 34079
5 21 948585 351589 4472
5 22 960980 903924 30189
5 23 42947 400160 34475
5 24 928736 257977 29553
5 25 930942 655988 2084
5 26 539943 555678 15210
5 27 512545 925210 17011
5 28 205520 66509 41730
5 29 596878 823639 32675
5 30 926040 860023 4539
5 31 734421 83540 30889
5 32 840016 168030 38335
5 33 165332 855865 36580
5 34 658750 377681 34796
5 35 749877 566409 34273
5 36 57864 713104 15969
5 37 727971 601309 19386
5 38 849420 440609 41078
5 39 7104 314318 28476
5 40 12845 221523 5134
5 41 313958 287101 38845
5 42 474713 257230 46341
5 43 269060 689664 3318
5 44 70460 386995 13028
5 45 714851 457641 3389
5 46 728609 413292 1508
5 47 418206 408158 11480
5 48 379273 706021 21058
5 49 445780 270905 36848
5 50 967563 183945 25680
5 51 501338 678483 24526
5 52 546865 960345 46372
5 53 779408 427863 46470
5 54 409373 564120 4946
5 55 398503 409773 22044
5 56 105322 275447 15250
5 57 276937 258547 6669
5 58 728895 604832 30276
5 59 601514 421975 4285
5 60 174557 458660 17670
5 61 512521 776486 35591
5 62 203445 216008 17469
5 63 921206 460211 43549
5 64 764073 898423 45483
5 65 292338 594938 13680
5 66 9212 304755 370
5 67 881323 451844 6708
5 68 17298 739822 42505
5 69 845406 632246 37198
5 70 833865 550158 32470
5 71 63543 91040 17188
5 72 741071 711668 21712
5 73 622335 387580 49369
5 74 189114 758611 14106
5 75 111285 315646 17367
5 76 328667 82367 11475
5 77 364243 157644 2342
5 78 889249 817316 24430
5 79 165882 635345 46832
5 80 660160 755536 25955
5 81 204859 995919 36080
5 82 656314 265529 24348
5 83 312113 60661 3471
5 84 231354 318771 4763
5 85 408202 158591 46507
5 86 277445 703658 14801
5 87 150174 261338 38560
5 88 283284 718761 7855
5 89 792325 803647 44721
5 90 339627 227264 2683
5 91 56406 949022 1369
5 92 253266 831432 4929
5 93 212977 215178 649
5 94 995194 492864 12695
5 95 509290 467339 39724
5 96 661106 852228 2620
5 97 910456 67114 10052
5 98 208447 650967 27548
5 99 847865 638581 12135
5 100 366058 604380 47291
5 101 979142 747727 27002
5 102 6109 438608 13016
5 103 287526 686135 37359
5 104 680366 858464 29496
5 105 616257 400419 25398
5 106 502593 936699 24686
5 107 621034 487189 42529
5 108 12157 721040 20245
5 109 354241 459622 31402
5 110 475161 652139 21191
5 111 718518 706949 7129
5 112 174900 765317 11949
5 113 278288 687548 16879
5 114 944089 429437 45841
5 115 819054 75011 2529
5 116 740033 392539 27376
5 117 9176 902196 47849
5 118 425683 750239 38927
5 119 597810 328131 6638
5 120 405499 296008 43463
5 121 271991 223559 4333
5 122 739016 697618 24653
5 123 927664 844020 4715
5 124 832014 970457 3091
5 125 614142 381638 41063
5 126 361931 454127 45728
5 127 383263 387298 41652
5 128 701867 816655 29311
5 129 319458 429827 38296
5 130 934838 281734 32333
5 131 370809 392913 29102
5 132 763493 906393 7787
5 133 87342 994022 4594
5 134 771420 231241 41901
5 135 20197 569060 10365
5 136 144584 292251 35231
5 137 598639 290646 2669
5 138 33009 521904 43310
5 139 14535 936122 42464
5 140 940976 202916 45796
5 141 594356 972262 30123
5 142 939027 79581 34707
5 143 638980 371314 37902
5 144 661665 41020 32196
5 145 843252 677096 262
5 146 583887 834421 29692
5 147 129977 371829 20565
5 148 228955 532055 10279
5 149 420758 968016 19577
5 150 230408 421097 37841
5 151 986744 965183 13721
5 152 690744 343330 20474
5 153 50775 536373 13351
5 154 485970 425761 41295
5 155 413800 980609 48506
5 156 252474 67088 720
5 157 614095 325017 10067
5 158 145906 167890 30849
5 159 287215 838615 42054
5 160 236633 334009 8544
5 161 811401 564107 24848
5 162 274935 730124 966
5 163 326241 406437 38595
5 164 141385 140376 27666
5 165 642581 678368 47786
5 166 772835 744230 9329
5 167 32280 585315 44284
5 168 584955 969666 8990
5 169 315938 131743 24079
5 170 508348 732116 21650
5 171 67770 799423 35813
5 172 289593 664352 20138
6 1 311745 943902 46300
6 2 790108 176717 29588
6 3 78486 884902 38935
6 4 509880 427270 46260
6 5 148679 227766 12842
6 6 807147 862113 48142
6 7 168126 660135 25002
6 8 555911 783972 18267
6 9 839048 946607 9945
6 10 67008 769419 16357
6 11 838723 494011 15515
6 12 825226 299794 43044
6 13 894376 701670 27899
6 14 881961 260701 131
7 1 849147 58247 37686
7 2 464925 534711 14263
7 3 760507 423743 13378
7 4 351218 177260 32394
7 5 195706 638098 28115
7 6 722017 978213 41579
7 7 822939 370170 26394
7 8 216753 820875 43580
7 9 43739 263083 34511
7 10 385343 899955 47378
7 11 648977 269088 1927
7 12 508360 915877 20192
7 13 342167 742375 20199
7 14 237724 456106 31648
7 15 291139 136837 29361
7 16 690053 900139 11634
7 17 981043 567728 35505
7 18 670430 397069 33846
7 19 495687 84041 2075
7 20 44545 174181 14458
7 21 271867 400941 43063
7 22 236721 608893 1465
7 23 149827 992863 42479
7 24 234800 519278 15674
7 25 451003 889984 14361
7 26 526112 14213 28709
7 27 462232 698917 23223
7 28 794632 491545 2336
7 29 376593 792626 32987
7 30 648279 468414 27625
7 31 792081 507754 22667
7 32 512993 971410 14997
7 33 242913 142148 49655
7 34 646914 475809 26044
7 35 138203 872071 42735
7 36 873707 445789 17026
7 37 950982 595331 48798
7 38 741408 253852 27926
7 39 445538 990102 7899
7 40 776397 616585 49477
7 41 609346 534759 4206
7 42 507142 316671 27011
7 43 526899 354924 2158
7 44 769543 735186 46718
7 45 412267 307796 2502
7 46 187712 619653 14016
7 47 986959 670710 46115
7 48 104122 737524 46908
7 49 138696 536565 39650
7 50 908768 255502 9046
7 51 726975 657031 5284
7 52 294405 567128 8874
7 53 237697 470811 29062
7 54 395073 930405 9685
7 55 625872 339211 28795
7 56 713799 500556 7238
7 57 408474 835361 13977
7 58 27984 953321 17157
7 59 3833 549547 40030
7 60 836946 626870 11205
7 61 881795 434187 23064
7 62 30437 960191 9763
7 63 101482 316643 13038
7 64 550714 924354 18824
7 65 66789 827422 36613
7 66 930687 985432 18229
7 67 952026 502061 48881
7 68 959379 105231 26507
7 69 808875 62512 31750
7 70 840973 982571 4809
7 71 513150 262631 21357
7 72 541117 181775 36772
7 73 828711 793705 6045
7 74 888760 582228 20681
7 75 795939 618017 25732
7 76 184790 557758 48433
7 77 859928 841990 4397
7 78 319216 388058 6369
7 79 589292 222481 21127
7 80 674525 985346 21521
7 81 821980 242532 9562
7 82 878699 801970 14553
7 83 645279 376360 20964
7 84 483687 597214 45451
7 85 503382 483839 23119
7 86 258442 95792 17016
7 87 240907 540491 2209
7 88 264699 673640 4452
7 89 420868 561689 44192
7 90 774163 415984 21209
7 91 108031 809988 20702
7 92 969368 602800 28135
7 93 19248 757534 24337
7 94 949767 538144 1777
7 95 876918 605223 11765
7 96 267806 104265 13183
7 97 912889 724949 46810
7 98 272882 285521 7035
7 99 692081 476489 7609
7 100 238505 850774 13956
7 101 184023 337263 10247
7 102 319606 915674 37256
7 103 424564 396838 14568
7 104 980054 302493 38952
7 105 243504 358596 16094
7 106 715160 302786 473
7 107 593974 176409 15122
7 108 953920 381650 42616
7 109 815855 376223 27933
7 110 706331 483688 19534
7 111 851890 437652 37936
7 112 443582 15844 42891
7 113 373794 742953 45345
7 114 31230 779910 31060
7 115 328008 602949 31918
7 116 182610 908160 24125
7 117 33889 838028 17365
7 118 152995 82247 11521
7 119 648281 42055 24770
7 120 68304 68020 31037
7 121 862270 164093 14304
7 122 405014 778336 7910
7 123 303363 208814 33023
7 124 789708 561050 827
7 125 10660 524473 32392
7 126 892773 742329 4348
7 127 528894 480211 8279
7 128 839126 698111 37188
7 129 213788 257341 33916
7 130 485703 180958 24654
7 131 861547 760020 35026
7 132 874773 359136 38292
7 133 32186 945239 1477
7 134 638104 883969 3381
7 135 196539 949966 1137
7 136 624869 377397 37912
7 137 817196 863247 6073
7 138 836400 425629 6174
7 139 147610 811833 37299
7 140 858579 753760 30159
8 1 541716 671238 1000
8 2 438091 906684 1095
8 3 288258 589834 13194
8 4 739651 61517 41332
8 5 835785 696975 19980
8 6 170353 809664 11059
8 7 973273 889755 20025
8 8 173495 745463 33066
8 9 954259 389541 26436
8 10 527907 114431 15311
8 11 420953 885016 40915
8 12 207576 140167 30968
8 13 932423 69497 31588
8 14 561864 580020 28779
8 15 13282 390109 7530
8 16 985179 283008 22724
8 17 572916 252393 40093
8 18 36246 460262 21425
8 19 802728 89130 30021
8 20 374726 522771 17261
8 21 431714 458308 11822
8 22 904837 236653 41654
8 23 356336 102543 38244
8 24 117189 744193 27414
8 25 98088 391677 28423
8 26 553595 865437 5894
8 27 348465 86691 3226
8 28 871729 665848 39227
8 29 220410 587086 15909
8 30 184428 533234 18667
8 31 65525 623780 15975
8 32 917196 692237 12694
8 33 986458 630283 24830
8 34 59761 860567 36890
8 35 187807 559857 26853
8 36 274052 187998 37008
8 37 833930 733754 15892
8 38 342082 995002 38858
8 39 221202 234141 41792
8 40 866743 23745 10000
8 41 264383 764766 40355
8 42 693239 158030 14446
8 43 488612 630352 12753
8 44 571832 52452 44421
8 45 578849 80564 36539
8 46 197937 60396 28961
8 47 758032 556738 40109
8 48 727879 804549 39676
8 49 743054 939506 41475
8 50 335681 812956 1304
8 51 956278 812605 25624
8 52 227680 698822 20032
8 53 479251 21026 1353
8 54 989056 507386 31051
8 55 696616 426498 9767
8 56 677868 315795 5073
8 57 907977 63733 6375
8 58 88745 582887 19491
8 59 401141 464475 20984
8 60 465253 462365 35643
8 61 403271 560360 46672
8 62 213324 659870 30936
8 63 44364 522793 27026
8 64 753472 126072 95
8 65 494438 294846 48116
8 66 828215 154417 1300
8 67 310403 175776 27048
8 68 735479 886012 2749
8 69 336526 82022 12307
8 70 976928 122622 29553
8 71 869354 847774 44837
8 72 713434 127361 48095
8 73 44031 492289 45400
8 74 103327 396149 30910
8 75 763605 58936 30389
8 76 555421 683808 49565
8 77 119630 138636 4559
8 78 786228 443723 5749
8 79 245227 237422 33302
8 80 89200 336650 10345
8 81 581496 326844 38027
8 82 218475 108369 25895
8 83 879152 175795 33540
8 84 667889 903142 44009
8 85 172259 577066 22450
8 86 285607 916174 9176
8 87 680718 371330 4446
8 88 398279 676436 42327
8 89 76518 979029 20864
8 90 906295 832151 48486
8 91 848361 745677 21237
8 92 428031 665812 45451
8 93 241111 182274 14500
8 94 522405 465043 29391
8 95 724530 679579 28532
8 96 260166 4340 46679
8 97 434358 38420 25894
8 98 184765 334943 40338
8 99 440356 511881 48990
8 100 519355 827817 46003
8 101 667557 110288 34673
8 102 309011 435368 46836
8 103 647771 74614 48885
8 104 182523 764665 8148
8 105 107558 596102 48742
8 106 200115 586913 34458
8 107 717264 977340 34816
8 108 92196 124272 22641
8 109 594011 803736 983
8 110 590929 735938 8422
8 111 638133 702431 23798
8 112 217194 277515 19
8 113 107946 193012 9271
8 114 717367 853228 16657
8 115 83486 974502 22953
8 116 197951 616973 12395
8 117 884563 807191 12352
8 118 956081 47221 34333
8 119 765077 914333 36546
8 120 307690 650719 42552
8 121 934255 858152 32573
8 122 134066 558223 43254
8 123 338761 927462 8802
8 124 561176 159176 39301
8 125 719917 367905 14651
8 126 890210 658660 8864
8 127 882528 550537 21265
8 128 921044 140687 14785
8 129 94215 821437 16659
8 130 20933 256486 30367
8 131 653896 208031 3613
8 132 343482 840718 36092
8 133 664855 89180 36203
8 134 993868 636331 33090
8 135 981641 521030 37426
8 136 854837 350307 36983
8 137 193820 715422 32031
8 138 396854 158636 29807
8 139 328061 938835 9377
8 140 129965 184517 22999
8 141 896755 212139 18066
8 142 648479 230746 3009
8 143 982671 142438 3062
8 144 818136 101731 34806
8 145 387968 304598 1419
8 146 914028 478508 6211
8 147 620930 297499 39047
8 148 252864 550914 23444
8 149 505249 824909 19760
8 150 414111 674992 49708
8 151 632231 146698 44128
8 152 584657 589683 13757
8 153 732761 273641 20171
8 154 607130 35234 42777
8 155 556054 333846 32464
8 156 9366 59812 36359
8 157 294278 902413 12874
8 158 402567 726104 44483
8 159 168167 700180 18873
8 160 208815 968614 38315
8 161 733287 615580 395
8 162 488118 927067 6230
8 163 578902 5447 11613
8 164 303738 511409 30362
8 165 51601 241655 48558
8 166 601103 217183 38910
8 167 281858 409733 45160
8 168 550537 652116 46266
8 169 501253 657969 4133
8 170 950027 722321 43684
8 171 722717 511674 43264
8 172 705558 430485 70
8 173 572701 22349 38980
8 174 472814 768617 28520
8 175 841832 652859 5472
8 176 834631 902366 37860
8 177 894492 765630 3332
8 178 312729 718010 32067
8 179 724946 73980 33595
8 180 902986 684191 38290
8 181 755639 555281 16579
8 182 545785 80342 8866
8 183 287569 186094 19494
8 184 441226 545345 34131
8 185 783787 599572 24418
8 186 872996 688098 12207
8 187 965402 11771 41614
8 188 758158 325130 14229
8 189 226541 11920 30225
8 190 315392 181209 42390
8 191 949504 871795 5434
8 192 662992 533872 7237
8 193 315948 935580 4660
8 194 394134 770182 21845
8 195 342668 355926 44123
8 196 758331 461573 15616
8 197 861412 855740 40689
8 198 826020 89211 12152
9 1 972330 424467 22147
9 2 464183 519655 15801
9 3 16141 213986 12794
9 4 651832 342078 29667
9 5 651771 773630 7388
9 6 369152 613406 19591
9 7 267130 666623 42108
9 8 927147 629746 26278
9 9 549508 187811 31835
9 10 46026 468780 17474
9 11 406158 753559 11833
9 12 504457 903719 14533
9 13 822405 239947 21026
9 14 172510 939902 45360
9 15 412299 736161 10766
9 16 62726 7821 2755
9 17 71137 801980 8523
9 18 699002 46727 27377
9 19 955238 548573 45964
9 20 689388 846964 33887
9 21 951991 819031 23456
9 22 994581 889694 8166
9 23 853016 242003 33058
9 24 467610 265173 7409
9 25 71452 471893 37911
9 26 780777 989848 47040
9 27 909095 605411 34519
9 28 68753 654867 4331
9 29 313498 212106 7193
9 30 779049 575234 46545
9 31 426826 482228 49321
9 32 570870 725216 25883
9 33 185920 977043 33626
9 34 702367 295743 857
9 35 716437 305747 41593
9 36 969443 968734 40207
9 37 676362 608414 14984
9 38 895281 462757 15971
9 39 189718 52985 35879
9 40 495971 633928 48078
9 41 272547 301629 23124
9 42 161546 801509 45835
9 43 178283 753098 15309
9 44 168413 571973 11417
9 45 532436 431344 23935
9 46 516777 926004 38949
9 47 37795 796323 28442
9 48 934743 607934 49781
9 49 636120 75173 47858
9 50 799008 120935 42426
9 51 515568 733007 15321
9 52 494871 516479 39448
9 53 164220 344965 11410
9 54 289414 937047 47590
9 55 598326 603135 40051
9 56 439335 132893 6073
9 57 742524 333736 14680
9 58 478088 943125 43332
9 59 21897 865201 15414
9 60 744688 80514 12117
9 61 568676 802543 25287
9 62 24443 105903 34731
9 63 501001 991886 12316
9 64 228478 984895 2304
9 65 146906 940545 40152
9 66 12042 759027 6510
9 67 805676 238204 37903
9 68 551411 576240 2214
9 69 753272 207402 30696
9 70 74573 324106 40010
9 71 59867 669291 13242
9 72 705787 48264 47024
9 73 626403 24278 5325
9 74 661234 424054 44099
9 75 35671 167728 11310
9 76 906334 484848 45916
9 77 38121 206422 16559
9 78 511497 35877 6478
9 79 514819 848487 19598
9 80 22255 865587 40039
9 81 552050 769914 20878
9 82 752745 97073 10912
9 83 247062 725070 1599
9 84 310924 907688 44372
9 85 260803 40068 25796
9 86 129029 107286 44893
9 87 988590 71674 37626
9 88 976277 338402 23647
9 89 688352 133851 6940
9 90 419875 638625 23855
9 91 585121 730998 36470
9 92 165929 276297 27591
9 93 585410 784901 18960
9 94 376454 870346 16414
9 95 253893 197258 31863
9 96 498472 641019 218
9 97 795215 842207 13134
9 98 585617 243909 48445
9 99 243903 650966 43824
9 100 716595 895805 14751
9 101 789769 996817 23177
9 102 42784 840062 16124
9 103 462359 658315 22736
9 104 399117 878219 32769
9 105 151624 472852 24238
9 106 361325 63837 11461
9 107 393734 571278 21412
9 108 443983 762294 39267
9 109 782313 470938 49138
9 110 168169 413812 16859
9 111 762664 393345 21005
9 112 542114 13160 38146
9 113 283671 573062 26929
9 114 391684 361929 16399
9 115 576884 934914 38926
9 116 168434 409685 13360
9 117 876943 391012 6886
9 118 859745 466309 14907
9 119 557173 307622 3078
9 120 114828 805238 42458
9 121 285776 207152 33517
9 122 842556 219698 24595
9 123 692808 839161 3471
9 124 584560 443451 43345
9 125 138856 637025 47153
9 126 656198 205490 14785
9 127 320088 908916 45588
9 128 125972 127989 21346
9 129 326660 662805 12078
9 130 836009 271488 3589
9 131 984541 406288 14358
9 132 789477 487890 7553
9 133 738190 275510 48982
9 134 405702 252765 3474
9 135 512961 752844 3587
9 136 462065 948625 1348
9 137 693084 692345 15280
9 138 317066 577621 27425
9 139 266437 125861 10933
9 140 678989 348006 4656
9 141 506451 437446 21042
10 1 504213 185482 16025
10 2 867836 38835 17241
10 3 437442 972894 16075
10 4 152786 869397 24999
10 5 62340 724249 42976
10 6 710664 945339 24586
10 7 73539 596508 22411
10 8 218028 190002 34901
10 9 197829 395087 14535
10 10 380530 970134 32096
10 11 626946 299249 28276
10 12 235195 383518 44288
10 13 828336 492143 12978
10 14 350059 165684 39260
10 15 206644 33915 14491
10 16 52074 174412 9068
10 17 700529 308997 45438
10 18 520048 108271 43588
10 19 858242 398182 44055
10 20 444850 669518 48471
10 21 858370 882340 6768
10 22 524144 271989 29577
10 23 323313 617700 45296
10 24 832019 859343 9696
10 25 351392 613642 34988
10 26 369785 544729 43383
10 27 939563 559378 14752
10 28 93073 403008 28706
10 29 463239 105938 49184
10 30 71712 716072 12382
10 31 956784 421788 26269
10 32 49604 994827 48381
10 33 996244 947431 25796
10 34 428657 40675 38194
10 35 349661 416440 49570
10 36 828251 250530 232
10 37 263582 185490 4477
10 38 235184 771972 22500
10 39 327815 798828 39825
10 40 667946 494162 2724
10 41 512038 194217 3245
10 42 773512 176437 10857
10 43 38424 34750 28524
10 44 441559 226842 35144
10 45 600511 369402 1626
10 46 983860 960758 1694
10 47 953017 336548 19607
10 48 899263 229102 11824
10 49 936904 84203 8941
10 50 565432 282108 32015
10 51 390103 257590 33992
10 52 635136 239454 25828
10 53 926781 763049 24711
10 54 149279 178231 11252
10 55 393657 511980 48308
10 56 795187 701967 16796
10 57 160773 918043 38233
10 58 130374 773220 465
10 59 71340 213780 45988
10 60 485077 750656 48749
10 61 782064 735272 47212
10 62 145436 772434 21317
10 63 742576 226304 3714
10 64 743214 305619 34790
10 65 712014 221060 38589
10 66 971663 898494 14501
10 67 552975 198464 6508
10 68 627326 115941 4513
10 69 923492 140553 43208
10 70 837806 403488 45153
10 71 756327 691081 49167
10 72 822932 826398 45019
10 73 131433 485423 17915
10 74 462601 931104 14454
10 75 771707 407216 39000
10 76 420572 404091 48539
10 77 295774 240481 44487
10 78 196413 278325 43310
10 79 525813 514935 15570
10 80 914777 585878 12464
10 81 642982 954866 48331
10 82 723086 526290 16398
10 83 451304 534975 9698
10 84 662979 254142 38296
10 85 385863 860343 35805
10 86 445192 934440 48682
10 87 703192 716272 2032
10 88 257870 304247 11820
10 89 283583 711404 3265
10 90 81921 792347 28631
10 91 297387 734712 18152
10 92 66300 144318 17064
10 93 403351 83065 24458
10 94 993670 975145 1745
10 95 762240 355965 44626
10 96 767611 610213 29979
10 97 647356 647583 14872
10 98 17822 340075 45265
10 99 313251 551678 32544
10 100 762123 892851 40219
10 101 474838 202967 40657
11 1 160815 757208 5912
11 2 937025 611901 11927
11 3 663284 962372 10315
11 4 132705 935707 37824
11 5 152783 138090 293
11 6 329376 355725 37267
11 7 643180 619394 17462
11 8 588829 846642 27573
11 9 850506 629972 45213
11 10 186667 926637 29628
11 11 90174 936993 13501
11 12 385597 422128 9786
11 13 372754 461291 19437
11 14 740884 248822 1599
11 15 877091 857948 26202
11 16 140403 687363 24245
11 17 481201 959001 19020
11 18 438317 181550 29336
11 19 538039 600133 8453
11 20 547157 104479 28314
11 21 317231 774012 47495
11 22 530599 517734 17275
11 23 319305 466819 32298
12 1 113222 648544 42536
12 2 314291 179707 14872
12 3 925890 909905 8354
12 4 157230 112335 34254
12 5 744544 168043 45633
12 6 836984 448791 39729
12 7 865424 417003 2873
12 8 763741 270304 11473
12 9 195402 131009 27842
12 10 28985 767472 76
12 11 856488 273008 37580
12 12 327453 594316 15419
12 13 421274 361266 3618
12 14 938364 592015 26739
12 15 518107 677428 8220
12 16 801413 224316 13263
12 17 194304 821102 17248
12 18 454124 208004 32772
12 19 427198 565479 17155
12 20 448849 568290 43923
12 21 634499 305167 47190
12 22 908134 918328 17519
12 23 754278 898335 7544
12 24 780123 63028 15273
12 25 941219 598721 12468
12 26 701149 380060 16434
12 27 240560 270792 19982
12 28 652370 764473 45435
12 29 78826 330706 10701
12 30 523445 624641 15572
12 31 338013 84118 533
12 32 788251 257090 7056
12 33 528291 357166 25777
12 34 376272 13313 26245
12 35 813242 444364 5985
12 36 309608 858143 19135
12 37 903470 539530 1708
12 38 647432 650977 23898
12 39 82823 97363 22370
12 40 834008 61321 5065
12 41 441558 106508 18539
12 42 302867 649764 44374
12 43 423782 743416 28615
12 44 362986 702292 15683
12 45 310911 686811 14839
12 46 473768 81140 10234
12 47 97254 88312 43420
12 48 140433 400942 8906
12 49 707504 524833 31943
12 50 927220 129138 36783
12 51 678071 362556 19276
12 52 635722 515169 41580
12 53 265741 379653 17287
12 54 80559 398889 3451
12 55 861957 673470 1927
12 56 445815 263859 12150
12 57 898669 240768 4790
12 58 888078 734421 6265
12 59 254225 572545 49041
12 60 14198 327588 48277
12 61 50783 223383 14592
12 62 851311 48622 3584
12 63 789298 16011 29530
12 64 576811 983971 3896
12 65 726959 942712 30998
12 66 764615 544331 1091
12 67 980265 976028 19270
12 68 748846 847696 18196
12 69 51733 810789 4629
12 70 91261 969757 24128
12 71 147637 813627 24575
12 72 924386 726475 22871
12 73 880043 895904 18581
12 74 285908 697620 813
12 75 395395 916347 32230
12 76 314895 145000 8051
12 77 26262 988834 47515
12 78 860684 679275 33610
12 79 856812 370860 20786
12 80 256705 318799 47403
12 81 15910 287854 6198
12 82 422660 115548 45176
12 83 270978 817677 35312
13 1 814666 944622 47521
13 2 596732 504335 24462
13 3 829334 296230 44736
13 4 326786 451492 40241
13 5 447832 121366 9972
13 6 804119 865089 11755
13 7 280084 362558 16306
13 8 582953 401710 11062
13 9 40911 72352 8065
13 10 639559 122645 2446
13 11 25456 616342 38002
13 12 747288 45689 32426
13 13 415498 494865 23409
13 14 260036 964320 1722
13 15 470198 94695 31029
13 16 265136 889076 18707
13 17 801111 117423 1955
13 18 476560 16012 5087
13 19 848345 39857 40956
13 20 526788 508422 18069
13 21 619388 578456 37991
13 22 17240 15976 15
13 23 999820 348415 28267
13 24 897515 249890 36041
13 25 137736 84966 30516
13 26 296281 11561 22647
13 27 866430 550530 7516
13 28 673761 457259 10732
13 29 610856 651173 16793
13 30 415777 42847 21656
13 31 759610 25187 38155
13 32 205988 663464 42799
13 33 876617 657632 32286
13 34 924565 515389 40160
13 35 707377 320927 32760
13 36 650537 741257 11448
13 37 648243 199105 48523
13 38 186463 631020 17249
13 39 475737 349856 46715
13 40 101114 662166 29707
13 41 992299 926524 22181
13 42 898646 40271 16100
13 43 630140 363462 7388
13 44 60359 506640 41749
13 45 335997 124390 30601
13 46 138293 378595 5945
13 47 824581 867882 32130
13 48 248008 6814 33703
13 49 158429 587627 2227
13 50 52440 152299 16354
13 51 906007 122818 2865
13 52 97582 926094 6361
13 53 797304 864651 38854
13 54 10175 930121 20128
13 55 373420 361429 23213
13 56 732314 883832 29406
13 57 633513 641941 26454
13 58 791849 183990 32875
13 59 555956 821382 27199
13 60 382161 49500 17036
13 61 456310 749160 45340
13 62 216861 703611 41083
13 63 751559 68991 16117
13 64 757532 370838 5972
13 65 389385 411794 34412
13 66 910942 462845 29323
13 67 625410 482963 21065
13 68 838865 303886 26448
13 69 677542 475804 17295
13 70 222012 376374 25624
13 71 431604 492378 5537
13 72 726692 25295 46257
13 73 921166 848490 43791
13 74 386991 616337 41744
13 75 466227 453740 17707
13 76 842962 481319 8391
13 77 90814 848108 43348
13 78 961635 142142 25545
13 79 609124 699976 4690
13 80 295360 877540 23412
13 81 633701 756256 49935
13 82 74605 987571 1067
13 83 347039 751230 33654
13 84 720975 770488 618
13 85 724426 31291 40369
13 86 122609 891415 23426
13 87 272733 244065 30710
13 88 679737 427671 9357
13 89 805947 866454 38166
13 90 796997 528020 1388
13 91 186180 606772 5537
13 92 840147 660884 6949
13 93 674228 148924 13938
13 94 466121 213155 9368
13 95 184475 643701 3625
13 96 441980 796489 44343
13 97 127423 860023 46545
13 98 702227 549148 20824
13 99 745196 609093 14049
13 100 654987 220341 15078
13 101 793786 74108 45062
13 102 573730 542014 2162
13 103 866473 140647 139
13 104 576870 305659 22337
13 105 183668 566572 46022
13 106 8842 822715 27354
13 107 596801 778122 12091
13 108 526330 170408 44832
13 109 67674 166149 47434
13 110 489050 517349 39638
13 111 71341 290180 18216
13 112 12062 408237 28330
13 113 641703 171805 22047
13 114 970589 475555 49298
13 115 307407 532281 34081
13 116 648211 86456 11495
13 117 292979 704265 40280
13 118 861063 858652 34793
13 119 584896 897660 34375
13 120 488511 222196 19675
13 121 272107 546590 5524
13 122 192022 708064 27115
13 123 217809 404577 41661
13 124 871692 22302 23919
13 125 198452 150202 13636
13 126 837626 435 21630
13 127 859451 650677 14863
13 128 88480 352621 17312
13 129 299442 315108 11576
13 130 252167 78102 30695
13 131 793915 171770 24203
13 132 504001 233560 43474
13 133 384950 534136 30902
13 134 196600 108338 43664
13 135 446519 393417 4755
13 136 67947 558681 40784
13 137 988132 527546 13595
13 138 429053 625789 42142
13 139 588214 309021 17712
13 140 929674 947676 42224
13 141 363080 348529 9921
13 142 928419 941952 33238
13 143 240248 858032 5635
13 144 689810 968713 24303
13 145 327395 324095 34038
13 146 936416 796595 37530
13 147 420291 931496 22489
13 148 705515 673494 15130
13 149 759431 630309 3768
13 150 186868 533308 27764
13 151 879171 760696 43236
13 152 838226 989594 39084
13 153 866832 635145 26428
13 154 442244 928615 14363
13 155 221309 86181 28119
13 156 913512 20756 18167
13 157 495893 387474 26121
13 158 369879 835256 29799
13 159 792162 324062 22881
13 160 998935 913079 15752
13 161 214689 8883 253
13 162 122477 196254 21965
13 163 539114 277737 14400
13 164 662515 754262 2094
13 165 368479 335657 10167
13 166 656266 718146 4053
13 167 663339 424590 15948
13 168 570571 604787 991
13 169 655816 626359 19581
13 170 543758 826390 34116
13 171 299300 89501 1431
14 1 313160 156509 43712
14 2 911963 42867 2019
14 3 292326 84714 23377
14 4 546109 692792 20578
14 5 34687 777886 48523
14 6 599715 577736 35005
14 7 179692 933194 12732
14 8 658160 908148 30340
14 9 512047 183761 12403
14 10 924478 200203 48997
14 11 95500 637040 35677
14 12 625065 853036 7265
14 13 714351 559075 13386
14 14 407966 43974 41124
14 15 337312 245077 10204
14 16 415646 801638 34822
14 17 571019 618436 18293
14 18 157510 677979 27632
14 19 617081 943591 31627
14 20 740693 45791 48984
14 21 840022 646658 45318
14 22 478069 494085 41155
14 23 463510 759842 4889
14 24 317752 748874 47764
14 25 683933 91389 33045
14 26 36651 75854 46524
14 27 718288 955755 39483
14 28 461651 438578 17143
14 29 250263 460014 1258
14 30 473745 601798 49145
14 31 200756 234747 39666
14 32 907945 548265 9787
14 33 41944 235628 34938
14 34 383334 608408 44333
14 35 927503 306798 25072
14 36 549060 667176 19884
14 37 571780 947402 14677
14 38 795171 329118 27293
14 39 178277 575641 16350
14 40 820350 958946 24312
14 41 726797 796798 20015
14 42 284343 772663 25515
14 43 166330 775477 15073
14 44 653164 947411 28505
14 45 287238 127137 46320
14 46 487991 891254 25921
14 47 692453 782809 2898
14 48 364516 831085 23934
14 49 782627 50641 32605
14 50 344975 79689 37194
14 51 269517 711212 48770
14 52 39555 314206 24464
14 53 459770 578157 34675
14 54 434162 527785 530
14 55 232571 783445 43479
14 56 873599 861068 49425
14 57 209823 826506 25383
14 58 570048 38879 9143
14 59 306164 116732 37131
14 60 131507 130460 36566
14 61 63928 180176 29874
14 62 460276 829660 48880
14 63 543948 526280 23490
14 64 546156 439611 21334
14 65 145944 934280 10739
14 66 449678 469079 30319
14 67 438025 516082 34056
14 68 315396 5143 24383
14 69 984465 716434 27365
14 70 660051 446904 46274
14 71 474240 226211 11572
14 72 166654 459944 29045
14 73 953754 913911 2739
14 74 259457 340272 10397
14 75 825405 688539 46807
14 76 679344 535513 38435
14 77 366858 525411 24641
14 78 563657 424380 25700
14 79 798914 824086 35094
14 80 773373 501104 40670
14 81 531991 643060 11966
14 82 453413 797610 13191
14 83 327044 884312 48552
14 84 415247 50295 49481
14 85 809405 474424 34008
14 86 464858 61233 9826
14 87 600011 779709 23178
14 88 584961 772375 16018
14 89 515377 40548 20126
14 90 26217 117586 35421
14 91 494683 572118 23623
14 92 654746 962131 34200
14 93 278179 550410 1845
14 94 528699 135947 27622
14 95 417870 76769 47986
14 96 503458 790903 6560
14 97 12008 886505 7488
14 98 144253 309402 702
14 99 186300 325065 17377
14 100 699806 630351 19315
14 101 637120 743038 48311
14 102 908817 625900 1745
14 103 290985 437709 1809
14 104 880044 271395 35135
14 105 866849 262407 34565
14 106 555656 401581 40438
14 107 906812 122879 35346
14 108 464933 893912 10384
14 109 909486 930682 6159
14 110 552271 41750 45657
14 111 439019 450023 45344
14 112 878395 859840 44519
14 113 838919 211824 27111
14 114 826245 946013 34066
14 115 655419 384132 11755
14 116 304930 847870 46958
14 117 495119 370242 25226
14 118 785665 218128 13774
14 119 572431 376576 10787
14 120 221794 429754 26099
14 121 299002 622546 35154
14 122 212959 263541 32721
14 123 37902 777487 4622
14 124 17480 699104 29348
14 125 280579 349979 31185
14 126 491610 203943 43256
14 127 118023 823543 9081
14 128 338295 512341 6047
14 129 559114 723729 3586
14 130 781898 260770 45905
14 131 382253 655254 40461
14 132 788120 897014 25397
14 133 590870 930091 32395
14 134 689935 465867 44629
14 135 338663 864922 10078
14 136 686893 777932 3509
14 137 991828 963525 32242
14 138 256485 5435 30606
14 139 722277 820821 21130
14 140 359072 696250 29141
14 141 81079 682801 31615
14 142 961664 711635 3248
14 143 274780 302265 33906
14 144 124589 169681 41479
14 145 970038 293445 2380
14 146 699959 352282 2719
14 147 915239 805409 12240
14 148 102273 290423 25054
14 149 491180 958095 17897
14 150 951168 873041 25446
14 151 353727 111398 32287
14 152 756619 6150 2025
14 153 828464 652591 780
14 154 441239 355094 17776
14 155 270212 622484 22567
14 156 945990 596391 35041
14 157 849140 648805 35669
14 158 748755 844371 2299
14 159 687684 383965 27365
14 160 208603 278 7183
14 161 829299 453341 39078
14 162 244768 484168 26339
14 163 399700 188636 48389
14 164 541502 97544 37540
14 165 879459 109069 6672
14 166 559088 227416 14843
14 167 220111 350310 25621
14 168 895793 719673 35922
14 169 316373 929226 3601
14 170 715589 690124 12174
14 171 446914 794881 32553
14 172 586352 995595 417
14 173 768853 790771 26809
14 174 194597 97530 8846
14 175 317341 11139 46257
14 176 653133 654560 46974
14 177 85207 925455 21484
14 178 349463 41837 27598
14 179 46203 135732 39945
14 180 625221 845347 49717
15 1 847048 326373 44825
15 2 478523 461239 15762
15 3 834824 398503 21726
15 4 376460 174188 26922
15 5 703262 744003 36743
15 6 146874 167266 15035
15 7 864816 901543 40750
15 8 484574 419631 43248
15 9 572056 563479 36906
15 10 604795 822102 5578
15 11 544728 106077 48400
15 12 550026 879960 7238
15 13 99059 573364 20048
15 14 402354 132160 29911
15 15 198992 494522 18086
15 16 388982 484727 25923
15 17 722136 600260 24050
15 18 336451 600939 22674
15 19 620718 485195 5716
15 20 926372 595676 48310
15 21 116537 993828 29992
15 22 115863 78122 44154
15 23 723492 79476 46984
16 1 584573 635712 26784
16 2 879203 14759 8353
16 3 801175 132927 23318
16 4 643522 232114 11143
16 5 569940 201833 28190
16 6 59786 858708 39818
16 7 755439 835416 5771
16 8 665048 693093 49995
16 9 451414 842017 23615
16 10 854969 98396 24909
16 11 533392 912087 26733
16 12 23638 999154 1213
16 13 67007 962769 35238
16 14 242234 562914 6817
16 15 281536 317738 2489
16 16 406798 61323 6812
16 17 1058 196455 33771
17 1 476388 894481 35222
17 2 374609 907933 37572
17 3 146881 242050 26250
17 4 662367 383474 30267
17 5 296730 183873 46847
17 6 990830 662608 43605
17 7 7718 488707 29217
17 8 867822 63141 44941
17 9 223647 844450 9960
17 10 367354 374380 1981
17 11 583933 595918 19729
17 12 312268 918854 40531
17 13 311271 105686 16660
17 14 379376 712807 2535
17 15 771760 765922 40253
17 16 405718 735572 31757
17 17 484060 840609 35218
17 18 931278 952088 40123
17 19 96993 992334 11727
17 20 181633 580283 1326
17 21 781453 932192 30289
17 22 719190 563145 45868
17 23 177699 752154 9950
17 24 661900 818464 34685
17 25 377270 366944 25064
17 26 168045 197974 48233
17 27 441276 807106 267
17 28 921220 331763 25801
17 29 631742 663072 11610
17 30 576347 550613 26832
17 31 366100 306399 43072
17 32 442811 430879 19099
17 33 737522 977537 26106
17 34 833378 424607 23035
17 35 909236 892906 9711
17 36 868611 179337 3103
17 37 728646 830756 6772
17 38 122409 255563 35082
17 39 782056 865412 28849
17 40 120248 796064 13189
17 41 947348 476978 40857
17 42 628226 533253 2406
17 43 997781 301167 36702
17 44 323226 543308 36178
17 45 700133 900982 7098
17 46 976624 178368 32869
17 47 461184 587893 36662
17 48 357161 700123 23812
17 49 73936 138284 18095
17 50 717751 439337 24876
17 51 175921 907058 49742
17 52 250301 332816 32125
17 53 641914 89552 43193
17 54 463421 476658 8743
17 55 227277 320391 47413
17 56 678186 869265 31861
17 57 297576 287497 10105
17 58 170512 960799 38133
17 59 468170 351537 47415
17 60 839087 120879 28289
17 61 41782 90868 33106
17 62 274945 346229 25822
17 63 947453 452592 23321
17 64 249422 289927 5011
17 65 635611 873235 43540
17 66 118992 926607 5496
17 67 280116 631693 35353
17 68 69816 234280 16490
17 69 3891 911050 13805
17 70 774454 780112 6144
17 71 541454 308034 18747
17 72 806469 866967 23223
17 73 719178 895166 25778
17 74 3825 463139 3497
17 75 920336 135034 33503
17 76 937648 157883 13935
17 77 113508 197476 29977
17 78 313958 828957 46029
17 79 853658 120607 7527
17 80 60835 705216 30490
17 81 966535 686437 41215
17 82 876032 609524 18711
17 83 718220 902762 7242
17 84 486140 921318 24332
17 85 972632 873762 6888
17 86 956600 687395 19161
17 87 494568 600782 47436
17 88 531863 446346 45499
17 89 393564 308176 41384
17 90 534802 798438 7182
17 91 640301 671270 27533
17 92 118840 597553 43430
17 93 111790 233648 31577
17 94 85410 703102 1418
17 95 905982 868921 367
17 96 562976 481089 10241
17 97 346731 970466 37713
17 98 577900 378076 47567
17 99 589999 750068 21329
17 100 765401 522274 45849
17 101 689291 351754 23300
17 102 894547 425250 40300
17 103 776548 509882 39591
17 104 876631 870205 15552
17 105 274815 398994 49271
17 106 743433 986510 10977
17 107 866894 140419 29738
17 108 186448 676684 37269
17 109 625964 777597 45349
17 110 385656 477053 40284
17 111 537034 956190 19276
17 112 361687 467496 46245
17 113 580989 460900 6313
17 114 34747 563026 44764
17 115 194961 168091 21148
17 116 972871 360177 38855
17 117 812969 473302 27651
17 118 745185 773371 14287
17 119 337530 618186 5515
17 120 167041 190086 37484
17 121 790981 131815 25878
17 122 529484 979855 5818
17 123 774238 286488 14965
17 124 333597 886761 15789
17 125 926806 48426 32787
17 126 260930 238376 36845
17 127 246451 921137 18092
17 128 173633 72230 36894
17 129 138753 405753 26098
17 130 397471 154107 25156
17 131 568849 69826 3918
17 132 901848 979906 12891
17 133 893149 382099 23892
17 134 514082 463974 30769
17 135 408070 567502 6805
17 136 954822 331318 14958
17 137 576419 369355 49152
17 138 725713 712219 29825
17 139 353169 647105 16532
17 140 591738 236481 23649
17 141 491474 758122 20692
17 142 535824 748597 29458
17 143 573659 109102 8072
17 144 475049 360174 42292
17 145 841926 545095 42171
17 146 805385 181501 44348
17 147 399431 754172 30987
17 148 522571 650425 22691
17 149 28925 585263 17261
17 150 687765 947168 4526
17 151 622055 119551 22971
17 152 779407 232722 45823
17 153 471871 482934 36697
17 154 562904 244939 40169
17 155 169823 55675 26468
17 156 888008 712459 33665
17 157 130706 481536 19616
17 158 725498 232247 33289
17 159 5651 762955 19707
17 160 662866 132235 19428
17 161 486165 377453 36072
17 162 319242 115369 13636
17 163 205988 282817 12673
17 164 439709 386499 8860
17 165 862417 988728 2408
17 166 283904 30252 19840
17 167 480985 422120 17071
17 168 111878 888075 26824
17 169 881409 259049 1488
17 170 333122 598255 49383
17 171 801750 315251 29378
17 172 787507 706266 17177
17 173 370772 766317 5655
17 174 630809 366116 12581
17 175 448161 911690 43700
17 176 47041 49563 44566
17 177 520672 963899 19834
18 1 773357 292845 1684
18 2 577321 6478 20120
18 3 496090 592836 8466
18 4 584020 722432 49665
18 5 820368 609536 6864
18 6 45210 342736 20754
18 7 435283 174630 10407
18 8 544818 998737 37909
18 9 910862 875845 1799
18 10 750229 511122 1146
19 1 845875 758274 26169
19 2 807014 652919 29984
19 3 210824 209807 46829
20 1 919969 358449 9493
20 2 220904 45543 20473
20 3 769182 304816 21212
20 4 586082 842 24199
20 5 834538 248917 41069
20 6 145382 637621 24303
20 7 831197 241398 20972
20 8 578895 227233 48258
20 9 947339 58927 33224
20 10 906673 229960 1196
20 11 112654 9371 454
20 12 261975 841674 38721
20 13 584506 381971 28431
20 14 402522 227381 42072
21 1 949232 836044 31106
21 2 62119 465192 9218
21 3 46309 613588 436
21 4 905724 848468 14695
21 5 137815 575866 32412
21 6 726438 531505 14218
21 7 795958 581880 38157
21 8 907649 475520 38412
21 9 158786 361978 26415
21 10 297280 306688 6078
21 11 365480 876007 20954
21 12 377200 491616 49370
21 13 503793 156575 35250
21 14 898138 346497 869
21 15 765943 597981 5821
21 16 114790 503469 17869
21 17 58695 628873 1777
21 18 911046 34257 44512
21 19 643056 71431 6449
21 20 227529 695436 11424
21 21 339223 233012 49110
21 22 417824 931147 7178
21 23 974397 579339 39194
21 24 752012 517087 19773
21 25 173833 748342 25143
21 26 391333 749239 45969
21 27 329753 651067 23678
21 28 603261 75587 23388
21 29 40228 702237 26294
21 30 421946 791849 12233
21 31 973088 564444 40323
21 32 379761 721135 16054
21 33 176944 851882 10683
21 34 455861 284855 8400
21 35 671508 2013 40010
21 36 519153 678259 49770
21 37 217790 612200 12462
21 38 279164 679964 31011
21 39 622485 282603 34067
21 40 95752 289804 6158
21 41 990027 691463 18586
21 42 749802 929817 47804
21 43 829777 51555 46290
21 44 165867 297362 4111
21 45 538352 25090 23835
21 46 256475 688860 26421
21 47 575596 730175 26566
21 48 520571 760964 44499
21 49 571194 778648 8990
21 50 276576 648556 4049
21 51 431974 32988 40379
21 52 220112 896356 41598
21 53 625835 145138 14252
21 54 471713 705014 34811
21 55 941505 831628 16342
21 56 900062 958964 12220
21 57 135434 487076 45172
21 58 121241 770880 26317
21 59 119553 177132 4178
21 60 405967 163196 47319
21 61 227572 174784 26435
21 62 152460 351234 5820
21 63 401717 47474 26163
21 64 968834 279503 7745
21 65 76474 205944 38383
21 66 427736 250073 12681
21 67 955230 383026 1218
21 68 854472 744049 22466
21 69 345395 655772 10888
21 70 948278 948229 41438
21 71 169817 565190 40049
21 72 129925 58506 16919
21 73 624579 870775 49190
21 74 111712 408452 29082
21 75 545963 264974 30149
21 76 663017 579532 31752
21 77 167397 66908 19470
21 78 770781 602419 27231
21 79 667860 513503 23902
21 80 7498 899054 37829
21 81 306332 78528 13112
21 82 83135 153240 21505
21 83 390941 291428 1359
21 84 167447 393836 2274
21 85 59728 410623 40242
21 86 290060 236160 3558
21 87 573681 342646 31719
21 88 958143 376319 17611
21 89 889363 94181 41406
21 90 920416 202069 10450
21 91 737049 209045 13579
21 92 799458 880225 27864
21 93 650824 816871 4324
21 94 346138 569940 35517
21 95 988192 516656 32146
21 96 717457 482075 33531
21 97 684138 425498 42447
21 98 603057 266081 418
21 99 542038 447053 30266
21 100 767188 336200 37296
21 101 648435 340595 37140
21 102 155127 147266 41875
21 103 210923 207574 47050
21 104 928415 775844 2231
21 105 277702 999607 43663
21 106 57792 574097 36192
21 107 268695 173988 23583
21 108 304246 674605 25205
21 109 902384 838926 6790
21 110 265110 22850 13451
21 111 979326 481788 11820
21 112 985426 35792 37432
21 113 371689 361434 22369
21 114 47981 871775 23028
21 115 152159 705807 42006
21 116 554547 286260 27539
21 117 257947 630128 44637
21 118 188994 482949 28535
21 119 315418 349465 27173
21 120 439007 830869 27918
21 121 580510 503623 20404
21 122 851174 812211 36655
21 123 362503 606946 37014
21 124 466416 735563 1736
21 125 643972 910991 47688
21 126 693762 61130 2785
21 127 635352 49162 36174
21 128 760973 121850 21336
21 129 348590 697258 25017
21 130 145787 857224 12684
21 131 163119 223146 49466
21 132 637991 210703 49133
21 133 134821 646753 12452
21 134 88100 687915 49512
21 135 177189 585357 30073
21 136 935240 323087 48773
21 137 687750 305332 6007
21 138 775101 506421 6266
21 139 485680 725182 30122
21 140 832688 404615 25900
21 141 556900 499258 26122
21 142 109205 108974 30433
21 143 764852 417633 43434
21 144 888914 212346 35184
21 145 41344 815677 45177
21 146 125674 407291 28824
21 147 381650 452245 28022
21 148 660374 161767 14477
21 149 67521 981569 2738
21 150 530304 792542 23912
21 151 920952 926961 39328
21 152 657286 268887 700
21 153 436063 187182 43215
21 154 760180 535914 16516
21 155 920099 29893 4079
21 156 957834 832625 22252
21 157 501054 588330 43460
21 158 149178 952782 22728
21 159 424146 727232 37929
21 160 999604 818764 29077
21 161 549869 761137 42179
21 162 170699 2163 29503
21 163 78165 884711 23091
21 164 434619 661641 18991
21 165 48651 702635 1239
21 166 843047 26496 2173
21 167 923441 887496 30850
21 168 565168 805921 40221
21 169 231587 415462 32528
21 170 673226 415107 11788
21 171 274311 535833 43149
22 1 288185 504094 16840
22 2 159800 378210 19394
22 3 731459 188358 27234
22 4 550357 157711 19645
22 5 393372 574571 31786
22 6 238418 238264 41585
22 7 244910 554157 11113
22 8 851253 767036 29813
22 9 809669 453656 9663
22 10 946075 647365 31123
22 11 124444 779622 43118
22 12 787472 36723 31014
22 13 655304 520919 8520
22 14 818866 520228 17585
22 15 508423 657176 3315
22 16 464927 717138 19157
22 17 300587 81495 36143
22 18 764202 672663 28113
22 19 402016 288716 45533
22 20 323225 298302 28301
22 21 651707 720518 34551
22 22 945516 590578 26566
22 23 350906 787734 11747
22 24 436221 321369 34564
22 25 345750 717626 42789
22 26 829894 987393 8844
22 27 331038 844354 30861
22 28 980459 271718 46689
22 29 116890 128553 28154
22 30 122593 290189 13004
22 31 471402 639832 43444
22 32 645350 339216 32426
22 33 365473 4449 40933
22 34 305267 982517 38413
22 35 532393 526777 15466
22 36 154294 671600 27775
22 37 12832 397905 27675
22 38 851983 651141 40226
22 39 376738 563361 14413
22 40 546955 483831 11104
22 41 592785 736324 10113
22 42 819811 606093 46645
22 43 869415 368202 32174
22 44 4001 61550 27054
22 45 340976 600291 2953
22 46 511335 998995 26494
22 47 230435 303461 3150
22 48 579152 781079 22906
22 49 754392 61416 13802
22 50 931922 342972 2211
22 51 989430 284754 22309
22 52 366678 64107 41473
22 53 662468 960444 34669
22 54 295203 93418 24717
22 55 400591 611289 14875
22 56 819856 626509 48123
22 57 876314 943444 4198
22 58 872041 213192 3400
22 59 876621 992683 37011
22 60 443728 173716 16005
22 61 442196 207679 43707
22 62 633484 36575 35716
22 63 145902 335924 8340
22 64 514776 709948 26493
22 65 532044 808617 33948
22 66 688795 115097 2188
22 67 993299 549480 12305
22 68 551507 220999 15337
22 69 932388 714975 24365
22 70 187206 861840 42159
22 71 891700 547959 16451
22 72 784632 326085 33129
22 73 425248 492080 30895
22 74 439448 866724 7610
22 75 51975 362249 10263
22 76 494585 248351 44481
22 77 644996 936406 20071
22 78 772786 125958 22392
22 79 268041 709267 8751
22 80 352734 508121 39941
22 81 626714 894308 48316
22 82 893514 981757 13092
22 83 837755 944666 16447
22 84 364703 946929 27016
22 85 532997 68030 44665
22 86 254259 851033 724
22 87 494172 630928 47071
22 88 953751 61411 47841
22 89 585833 529737 36747
22 90 755532 838386 38785
22 91 263272 109109 18872
22 92 248564 230639 17094
22 93 635897 31988 15813
22 94 514617 515262 21913
22 95 195173 430756 36749
22 96 649503 474460 48415
22 97 748773 883596 49710
22 98 255007 406622 16590
22 99 511614 459099 23669
22 100 688525 810418 15779
22 101 352252 944939 38987
22 102 455206 678584 38633
22 103 417124 975803 37703
22 104 251168 81453 46779
22 105 365028 392640 35527
22 106 707534 317067 27697
22 107 869778 711432 45377
22 108 718044 725394 26771
22 109 186988 259110 28100
22 110 782432 965486 30356
22 111 537295 796253 15527
22 112 371889 627279 10979
22 113 552745 247168 9318
22 114 249751 338592 4828
22 115 443230 71264 618
22 116 677693 618233 5825
22 117 162227 703166 5371
22 118 557587 395428 17730
22 119 993838 155151 30323
22 120 19518 104732 48674
23 1 895496 411514 8433
23 2 172663 986066 30104
23 3 831066 620460 20813
23 4 900410 582505 27450
23 5 810336 985090 14794
23 6 42467 917566 49631
23 7 858612 370178 6054
23 8 381789 741865 13551
23 9 393285 938106 43409
23 10 354045 573555 30381
23 11 115872 95074 20101
23 12 164004 877210 21903
23 13 358611 564491 28855
23 14 894129 234429 1418
23 15 637537 54668 46886
23 16 850429 705195 14928
23 17 605463 292077 37763
23 18 734879 61182 30538
23 19 38445 590885 24636
23 20 267630 308679 18062
23 21 309733 875816 42096
23 22 75299 109506 44908
23 23 742683 803463 15950
23 24 475480 541924 27767
23 25 933577 141455 1347
23 26 400110 91809 44949
23 27 904356 976205 31918
23 28 991747 57999 20001
23 29 876138 787533 25191
23 30 503041 155016 7403
23 31 338999 550402 6686
23 32 501072 652455 31757
23 33 593460 794895 22820
23 34 614142 53107 12752
23 35 674442 103797 24719
23 36 580852 82581 42683
23 37 757143 460616 14446
23 38 317429 997132 2072
23 39 630035 689730 6384
23 40 287190 125030 15635
23 41 271265 967251 39205
23 42 586461 621717 14273
23 43 206283 704677 10588
23 44 842112 631182 37302
23 45 930396 37679 11781
23 46 22641 392431 48470
23 47 514957 17250 29130
23 48 958496 286560 42330
23 49 127550 344132 34324
23 50 563147 172659 27088
23 51 201965 446134 40559
23 52 520670 484179 19115
23 53 257545 764228 45907
23 54 467689 278020 6207
23 55 164109 625143 16717
23 56 285031 294260 29022
23 57 718893 296567 23840
23 58 629378 42582 13389
23 59 424385 952495 26315
23 60 886473 395673 27133
23 61 740441 116737 24001
23 62 182442 559283 2481
23 63 212357 534865 8878
23 64 766884 270598 18665
23 65 454220 524482 24503
23 66 231992 340132 39482
23 67 26397 471215 46205
23 68 836643 727043 33409
23 69 424644 898845 27307
23 70 808523 244358 27972
23 71 253013 726080 29046
23 72 828471 278006 27979
23 73 384183 866505 43804
23 74 380111 16331 25199
23 75 550533 197297 31521
23 76 960804 785436 15187
23 77 89293 576785 14937
23 78 234489 2461 19109
23 79 954870 540013 748
23 80 19049 19144 21209
23 81 28909 726227 41992
23 82 855549 604898 34648
23 83 100183 378643 33951
23 84 151031 150312 31935
23 85 207395 90297 11882
23 86 623410 266704 27651
23 87 378911 141049 49137
23 88 940725 165803 28216
23 89 149897 404078 16611
23 90 861809 89310 47147
23 91 31940 532099 29509
23 92 879318 822162 15841
23 93 408981 447550 27098
23 94 272397 354695 32649
23 95 821164 650865 32436
23 96 792097 343954 7213
23 97 512581 957071 24379
23 98 371667 385940 34402
24 1 140044 791629 28967
24 2 378845 19512 20130
24 3 270054 279136 46575
24 4 826675 924098 13398
24 5 732714 34336 12761
24 6 335471 591892 46507
24 7 1405 84245 35002
24 8 178070 379013 7946
24 9 567009 480509 40340
24 10 333980 495958 40419
24 11 735193 498550 31291
24 12 120075 249571 36178
24 13 111294 580400 24506
24 14 343834 411877 9430
24 15 185845 327242 43229
24 16 769309 644062 19806
24 17 673963 842262 27836
24 18 397483 986557 3883
24 19 354461 478280 3422
24 20 698199 579812 3675
24 21 566385 381077 21689
24 22 464265 465736 5019
24 23 78229 446645 15233
24 24 425030 499169 40196
24 25 614532 251852 8492
24 26 588043 959052 46268
24 27 164330 143939 22877
24 28 13750 72145 3618
24 29 749808 511151 2447
24 30 559591 903043 48474
24 31 421972 568064 25755
24 32 513250 276125 28595
24 33 465505 452512 2286
24 34 707749 892330 33345
24 35 913940 989723 29630
24 36 869198 909639 17286
24 37 858838 702781 23562
24 38 67168 787418 23016
24 39 125302 202726 24123
24 40 728506 112630 43533
24 41 282555 184346 29472
24 42 993713 310633 30439
24 43 162415 877066 19528
24 44 201165 172893 36953
24 45 874801 926938 8787
24 46 95519 130899 45006
24 47 873709 486455 14842
24 48 97943 912255 4825
24 49 327007 995913 14928
24 50 231579 866565 39245
24 51 173849 746518 40105
24 52 389311 183654 33811
24 53 234348 665410 48625
24 54 696493 644548 9290
24 55 434905 305531 6585
24 56 948663 20474 10238
24 57 690462 876519 36839
24 58 179983 645709 27409
24 59 198092 927208 4649
24 60 455689 853485 10100
24 61 458836 911803 23191
24 62 340617 754791 41308
24 63 867046 890389 12651
24 64 710413 968469 10821
24 65 123682 862835 16438
24 66 925962 655577 15920
24 67 14806 717775 26639
24 68 795876 998971 15948
24 69 570619 159673 48690
24 70 411877 443741 16381
24 71 421700 779632 26092
24 72 909158 720164 27510
24 73 384505 7604 31383
24 74 764166 958921 20579
24 75 837758 148256 16375
24 76 468043 110195 14882
24 77 712054 833340 45984
24 78 16133 480759 8715
24 79 203839 357471 43171
24 80 761702 915475 47558
24 81 411680 944294 651
24 82 800530 505714 38779
24 83 480477 699373 31896
24 84 388760 522441 48552
24 85 482863 176801 40597
24 86 227714 745770 40279
24 87 929610 466194 38967
24 88 33371 443731 30755
24 89 509270 238428 35961
24 90 804000 429196 28680
24 91 364164 538433 42771
24 92 652372 941564 32534
24 93 764991 151000 2955
24 94 207164 579066 17361
24 95 156115 565023 121
24 96 498532 863857 10563
24 97 80906 172363 2266
24 98 40144 892916 21042
24 99 971865 941878 22588
24 100 234011 249379 31910
24 101 660102 125906 18181
24 102 521244 15901 40250
24 103 476088 390309 33561
24 104 808617 683879 39195
24 105 668091 834042 35090
24 106 812597 116031 36094
24 107 26848 333600 10596
24 108 76742 304308 29197
24 109 908026 704378 25520
24 110 830932 43170 1186
24 111 762481 425802 49499
24 112 993701 727197 29796
24 113 257708 945182 39522
24 114 136142 16698 20108
24 115 427092 455594 3682
24 116 637710 45334 6263
24 117 366382 730942 26219
24 118 724110 210795 35136
24 119 439742 989771 9789
24 120 587768 266273 42228
24 121 551979 573525 12375
24 122 309761 288057 14135
24 123 632389 894944 13257
24 124 2645 276242 3738
24 125 506146 576356 34238
24 126 447436 198677 6146
24 127 915615 885055 23135
24 128 229651 831049 1000
24 129 417779 821691 10496
24 130 193676 798100 32421
24 131 660226 458619 23488
24 132 110197 588952 18644
24 133 661810 578619 46298
24 134 956753 894580 43399
24 135 237089 368107 28232
24 136 741756 682357 13841
24 137 416255 684076 38142
24 138 896572 51456 15797
24 139 208768 988176 10358
24 140 578545 487064 35782
24 141 32951 920684 26437
24 142 481484 491917 40048
24 143 930827 973945 34803
24 144 230593 110803 31339
24 145 712341 501031 43968
24 146 225400 287165 12303
24 147 355279 291151 32741
24 148 589898 950486 3851
24 149 484741 995601 34465
24 150 95794 992766 9886
24 151 399997 822238 45987
24 152 42704 854328 4719
24 153 771132 259594 22800
24 154 546182 80712 47171
24 155 555958 600177 19174
24 156 428713 344848 2434
24 157 491963 71218 44109
24 158 950673 517277 6603
24 159 832038 83709 28105
24 160 565266 900227 37784
24 161 571114 808953 14710
24 162 758694 955338 26962
24 163 872182 813695 41084
24 164 980148 3859 23608
24 165 184466 810744 21170
24 166 215425 372048 27207
24 167 441144 470228 31842
24 168 84005 492243 31670
24 169 820296 93662 20843
24 170 27317 394222 23049
